Month,Nominal,Real
1913-01-15,59.74;61.33;64.88,609.59;625.82;662.04
1913-02-15,57.67;58.84;61.27,588.47;600.41;625.20
1913-03-15,57.32;59.28;59.84,584.90;604.90;610.61
1913-04-15,57.43;57.54;60.94,586.02;587.14;621.84
1913-05-15,57.42;57.42;58.57,591.96;591.96;603.81
1913-06-15,52.83;54.86;56.61,539.08;559.80;577.65
1913-07-15,55.11;57.49;57.92,556.67;580.71;585.05
1913-08-15,57.29;59.93;59.93,578.69;605.35;605.35
1913-09-15,58.8;58.88;61.12,588.00;588.80;611.20
1913-10-15,56.47;57.36;59.65,564.70;573.60;596.50
1913-11-15,55.63;55.63;57.45,550.79;550.79;568.81
1913-12-15,55.14;57.71;57.76,551.40;577.10;577.60
1914-01-15,57.46;60.69;60.71,574.60;606.90;607.10
1914-02-15,59.56;60.26;60.94,601.62;608.69;615.56
1914-03-15,59.43;60.36;61.12,600.30;609.70;617.37
1914-04-15,56.39;57.96;60.41,575.41;591.43;616.43
1914-05-15,57.99;59.76;59.82,585.76;603.64;604.24
1914-06-15,58.09;59.09;59.95,586.77;596.87;605.56
1914-07-15,52.32;52.32;59.92,523.20;523.20;599.20
1914-12-15,53.17;54.58;56.76,526.44;540.40;561.98
1915-01-15,54.63;57.16;58.52,540.89;565.94;579.41
1915-02-15,54.22;55.18;57.83,542.20;551.80;578.30
1915-03-15,55.29;60.83;61.3,558.48;614.44;619.19
1915-04-15,61.05;71.78;71.78,610.50;717.80;717.80
1915-05-15,60.38;64.67;71.51,597.82;640.30;708.02
1915-06-15,64.86;70.06;71.9,642.18;693.66;711.88
1915-07-15,67.88;75.34;75.79,672.08;745.94;750.40
1915-08-15,76.46;81.2;81.95,757.03;803.96;811.39
1915-09-15,80.4;90.58;90.58,796.04;896.83;896.83
1915-10-15,88.23;96.02;96.46,865.00;941.37;945.69
1915-11-15,91.08;96.71;97.56,884.27;938.93;947.18
1915-12-15,94.78;99.15;99.21,920.19;962.62;963.20
1916-01-15,90.58;90.58;98.81,870.96;870.96;950.10
1916-02-15,90.89;91.03;96.15,873.94;875.29;924.52
1916-03-15,90.52;93.25;96.08,862.10;888.10;915.05
1916-04-15,84.96;89.78;94.46,801.51;846.98;891.13
1916-05-15,87.71;91.8;92.62,819.72;857.94;865.61
1916-06-15,87.68;89.58;93.61,811.85;829.44;866.76
1916-07-15,86.42;89.25;90.53,800.19;826.39;838.24
1916-08-15,88.15;92.25;93.83,808.72;846.33;860.83
1916-09-15,91.19;102.9;103.73,821.53;927.03;934.50
1916-10-15,98.94;104.61;105.28,875.58;925.75;931.68
1916-11-15,105.63;105.97;110.15,918.52;921.48;957.83
1916-12-15,90.16;95;106.81,777.24;818.97;920.78
1917-01-15,95.13;95.43;99.18,813.08;815.64;847.69
1917-02-15,87.01;91.56;94.91,725.08;763.00;790.92
1917-03-15,91.1;95.41;98.2,759.17;795.08;818.33
1917-04-15,90.66;93.23;97.06,719.52;739.92;770.32
1917-05-15,89.08;97.38;97.58,695.94;760.78;762.34
1917-06-15,94.78;95.87;99.08,729.08;737.46;762.15
1917-07-15,90.48;91.75;95.31,706.88;716.80;744.61
1917-08-15,83.4;83.4;93.85,641.54;641.54;721.92
1917-09-15,81.2;83.81;86.02,610.53;630.15;646.77
1917-10-15,74.5;74.5;83.58,551.85;551.85;619.11
1917-11-15,68.58;72.65;74.23,508.00;538.15;549.85
1917-12-15,65.95;74.38;74.38,481.39;542.92;542.92
1918-01-15,73.38;79.8;79.8,524.14;570.00;570.00
1918-02-15,77.78;80.39;82.08,551.63;570.14;582.13
1918-03-15,76.24;76.72;79.93,544.57;548.00;570.93
1918-04-15,75.58;77.51;79.73,532.25;545.85;561.48
1918-05-15,78.08;78.08;84.04,538.48;538.48;579.59
1918-06-15,77.93;82.68;83.02,530.14;562.45;564.76
1918-07-15,80.51;81.23;83.2,533.18;537.95;550.99
1918-08-15,80.71;82.84;83.18,524.09;537.92;540.13
1918-09-15,80.29;84.68;84.68,511.40;539.36;539.36
1918-10-15,83.36;85.51;89.07,521.00;534.44;556.69
1918-11-15,79.87;81.13;88.06,490.00;497.73;540.25
1918-12-15,80.44;82.2;84.5,487.52;498.18;512.12
1919-01-15,79.88;80.61;83.35,484.12;488.55;505.15
1919-02-15,79.15;84.81;85.68,488.58;523.52;528.89
1919-03-15,84.04;88.85;89.05,512.44;541.77;542.99
1919-04-15,88.84;92.88;93.51,531.98;556.17;559.94
1919-05-15,93.26;105.5;105.5,551.83;624.26;624.26
1919-06-15,99.56;106.98;107.55,589.11;633.02;636.39
1919-07-15,107.16;107.16;112.23,615.86;615.86;645.00
1919-08-15,98.46;104.75;107.99,556.27;591.81;610.11
1919-09-15,104.99;111.42;111.42,589.83;625.96;625.96
1919-10-15,108.9;118.92;118.92,601.66;657.02;657.02
1919-11-15,103.6;103.6;119.62,560.00;560.00;646.59
1919-12-15,103.55;107.23;107.97,547.88;567.35;571.27
1920-01-15,101.9;103.82;109.88,527.98;537.93;569.33
1920-02-15,89.98;91.31;103.01,461.44;468.26;528.26
1920-03-15,91.68;102.81;104.17,465.38;521.88;528.78
1920-04-15,93.16;93.54;105.65,458.92;460.79;520.44
1920-05-15,87.36;92.06;94.75,424.08;446.89;459.95
1920-06-15,90.16;90.76;93.2,431.39;434.26;445.93
1920-07-15,86.85;86.85;94.51,417.55;417.55;454.38
1920-08-15,83.2;86.16;87.29,409.85;424.43;430.00
1920-09-15,82.95;82.95;89.95,414.75;414.75;449.75
1920-10-15,84;84.95;85.73,422.11;426.88;430.80
1920-11-15,73.12;76.04;85.48,369.29;384.04;431.72
1920-12-15,66.75;71.95;77.63,344.07;370.88;400.15
1921-01-15,72.67;76.13;76.76,382.47;400.68;404.00
1921-02-15,74.34;74.98;77.14,404.02;407.50;419.24
1921-03-15,72.25;75.76;77.78,394.81;413.99;425.03
1921-04-15,75.06;78.84;78.86,414.70;435.58;435.69
1921-05-15,73.44;73.44;80.03,414.92;414.92;452.15
1921-06-15,64.9;68.45;73.51,368.75;388.92;417.67
1921-07-15,67.25;68.86;69.86,379.94;389.04;394.69
1921-08-15,63.9;67.11;69.95,361.02;379.15;395.20
1921-09-15,66.83;71.08;71.92,381.89;406.17;410.97
1921-10-15,69.46;73.21;73.93,396.91;418.34;422.46
1921-11-15,73.44;77.3;78.01,422.07;444.25;448.33
1921-12-15,78.12;81.1;81.5,451.56;468.79;471.10
1922-01-15,78.59;81.3;82.95,465.03;481.07;490.83
1922-02-15,81.68;85.46;85.81,483.31;505.68;507.75
1922-03-15,85.33;89.05;89.05,510.96;533.23;533.23
1922-04-15,89.08;92.74;93.46,533.41;555.33;559.64
1922-05-15,91.5;95.63;96.41,547.90;572.63;577.31
1922-06-15,90.73;92.93;96.36,543.29;556.47;577.01
1922-07-15,92.9;97.05;97.05,552.98;577.68;577.68
1922-08-15,96.21;100.78;100.78,579.58;607.11;607.11
1922-09-15,96.3;96.3;102.05,580.12;580.12;614.76
1922-10-15,96.11;96.11;103.43,575.51;575.51;619.34
1922-11-15,92.03;94.65;99.53,547.80;563.39;592.44
1922-12-15,95.03;98.73;99.22,562.31;584.20;587.10
1923-01-15,96.96;97.43;99.42,577.14;579.94;591.79
1923-02-15,97.71;103.9;103.9,581.61;618.45;618.45
1923-03-15,102.36;102.75;105.38,609.29;611.61;627.26
1923-04-15,98.38;98.38;102.7,582.13;582.13;607.69
1923-05-15,92.77;97.53;98.19,548.93;577.10;581.01
1923-06-15,87.85;87.85;97.24,516.76;516.76;572.00
1923-07-15,86.91;86.91;91.72,505.29;505.29;533.26
1923-08-15,87.2;93.46;93.7,509.94;546.55;547.95
1923-09-15,87.89;87.89;93.61,510.99;510.99;544.24
1923-10-15,85.76;88.53;90.45,495.72;511.73;522.83
1923-11-15,88.41;92.34;92.88,511.04;533.76;536.88
1923-12-15,92.64;95.52;95.61,535.49;552.14;552.66
1924-01-15,94.88;100.66;100.66,548.44;581.85;581.85
1924-02-15,96.33;97.22;101.31,560.06;565.23;589.01
1924-03-15,92.28;93.01;98.86,539.65;543.92;578.13
1924-04-15,89.18;90.63;94.69,524.59;533.12;557.00
1924-05-15,88.33;89.9;92.47,519.59;528.82;543.94
1924-06-15,89.18;96.37;96.37,524.59;566.88;566.88
1924-07-15,96.38;102.14;102.14,563.63;597.31;597.31
1924-08-15,101.51;105.16;105.57,597.12;618.59;621.00
1924-09-15,100.76;103.16;104.95,589.24;603.27;613.74
1924-10-15,99.18;104.06;104.08,576.63;605.00;605.12
1924-11-15,103.89;111.38;111.38,604.01;647.56;647.56
1924-12-15,110.44;120.51;120.51,638.38;696.59;696.59
1925-01-15,119.46;123.22;123.6,690.52;712.25;714.45
1925-02-15,117.96;122.71;122.86,685.81;713.43;714.30
1925-03-15,115;116.75;125.68,664.74;674.86;726.47
1925-04-15,117.4;120.01;122.02,682.56;697.73;709.42
1925-05-15,121.1;129.95;129.95,700.00;751.16;751.16
1925-06-15,126.75;131.01;131.01,724.29;748.63;748.63
1925-07-15,131.33;133.81;136.5,741.98;755.99;771.19
1925-08-15,134.55;141.18;143.18,760.17;797.63;808.93
1925-09-15,137.22;143.46;147.73,775.25;810.51;834.63
1925-10-15,144.77;156.52;156.52,817.91;884.29;884.29
1925-11-15,148.18;151.08;159.39,823.22;839.33;885.50
1925-12-15,152.11;156.66;156.87,849.78;875.20;876.37
1926-01-15,153.2;157.44;159.1,855.87;879.55;888.83
1926-02-15,154.45;154.45;162.31,862.85;862.85;906.76
1926-03-15,135.2;140.46;153.13,759.55;789.10;860.28
1926-04-15,136.27;143.71;144.83,761.28;802.85;809.11
1926-05-15,137.16;143.43;143.43,770.56;805.79;805.79
1926-06-15,142.3;153.04;154.03,803.95;864.63;870.23
1926-07-15,153.01;160.47;160.58,874.34;916.97;917.60
1926-08-15,160.41;162.51;166.64,921.90;933.97;957.70
1926-09-15,156.26;158.19;166.1,892.91;903.94;949.14
1926-10-15,145.66;150.38;159.69,827.61;854.43;907.33
1926-11-15,150.51;156.55;157.37,850.34;884.46;889.10
1926-12-15,156.65;157.2;161.86,885.03;888.14;914.46
1927-01-15,152.73;156.41;156.56,872.74;893.77;894.63
1927-02-15,154.31;161.96;161.96,886.84;930.80;930.80
1927-03-15,158.41;160.08;161.78,915.66;925.32;935.14
1927-04-15,160.66;164.21;167.36,928.67;949.19;967.40
1927-05-15,164.55;172.96;172.96,945.69;994.02;994.02
1927-06-15,165.73;166.23;171.98,941.65;944.49;977.16
1927-07-15,168.06;182.61;182.61,971.45;1055.55;1055.55
1927-08-15,177.13;189.79;190.63,1029.83;1103.43;1108.31
1927-09-15,191.26;197.59;198.97,1105.55;1142.14;1150.12
1927-10-15,179.78;181.73;199.78,1033.22;1044.43;1148.16
1927-11-15,181.65;198.21;198.21,1050.00;1145.72;1145.72
1927-12-15,193.58;202.4;202.4,1118.96;1169.94;1169.94
1928-01-15,194.5;198.59;203.35,1124.28;1147.92;1175.43
1928-02-15,191.33;194.78;199.35,1118.89;1139.06;1165.79
1928-03-15,194.53;213.35;214.45,1137.60;1247.66;1254.09
1928-04-15,207.94;211.63;216.93,1216.02;1237.60;1268.60
1928-05-15,211.73;219.81;220.88,1230.99;1277.97;1284.19
1928-06-15,201.96;210.55;220.96,1181.05;1231.29;1292.16
1928-07-15,205.1;216;216.62,1199.42;1263.16;1266.78
1928-08-15,214.08;240.41;240.41,1251.93;1405.91;1405.91
1928-09-15,236.86;239.43;241.72,1369.13;1383.99;1397.23
1928-10-15,233.6;252.16;260.39,1358.14;1466.05;1513.90
1928-11-15,251.56;293.38;299.35,1462.56;1705.70;1740.41
1928-12-15,254.36;300;301.61,1487.49;1754.39;1763.80
1929-01-15,292.89;317.51;319.96,1712.81;1856.78;1871.11
1929-02-15,293.4;317.41;324.51,1715.79;1856.20;1897.72
1929-03-15,281.51;308.85;324.4,1655.94;1816.76;1908.24
1929-04-15,294.11;319.29;321.09,1740.30;1889.29;1899.94
1929-05-15,290.02;297.41;331.01,1706.00;1749.47;1947.12
1929-06-15,298.53;333.79;335.25,1745.79;1951.99;1960.53
1929-07-15,332.23;347.7;350.26,1920.40;2009.83;2024.62
1929-08-15,336.13;380.33;383.96,1942.95;2198.44;2219.42
1929-09-15,341.06;343.45;386.1,1971.45;1985.26;2231.79
1929-10-15,212.33;273.51;358.77,1227.34;1580.98;2073.82
1929-11-15,195.35;238.95;269.75,1129.19;1381.21;1559.25
1929-12-15,226.39;248.48;267.56,1316.22;1444.65;1555.58
1930-01-15,241.78;267.14;268.71,1413.92;1562.22;1571.40
1930-02-15,259.78;271.11;275,1528.12;1594.76;1617.65
1930-03-15,268.94;286.1;289.13,1591.36;1692.90;1710.83
1930-04-15,272.24;279.23;297.25,1601.41;1642.53;1748.53
1930-05-15,249.82;275.07;281.95,1478.22;1627.63;1668.34
1930-06-15,207.74;226.34;276.86,1236.55;1347.26;1647.98
1930-07-15,214.64;233.99;243.65,1293.01;1409.58;1467.77
1930-08-15,214.49;240.42;241.35,1299.94;1457.09;1462.73
1930-09-15,201.95;204.9;247.21,1216.57;1234.34;1489.22
1930-10-15,181.53;183.35;216.89,1100.18;1111.21;1314.48
1930-11-15,168.32;183.39;191.28,1026.34;1118.23;1166.34
1930-12-15,154.45;164.58;187.96,959.32;1022.24;1167.45
1931-01-15,160.09;167.55;175.66,1006.86;1053.77;1104.78
1931-02-15,165.6;189.66;196.96,1054.78;1208.03;1254.52
1931-03-15,170.64;172.36;191.93,1093.85;1104.87;1230.32
1931-04-15,141.78;151.19;174.69,914.71;975.42;1127.03
1931-05-15,127.3;128.46;155.65,832.03;839.61;1017.32
1931-06-15,119.89;150.18;156.93,793.97;994.57;1039.27
1931-07-15,133.7;135.39;156.74,885.43;896.62;1038.01
1931-08-15,132.55;139.41;145.8,877.81;923.25;965.56
1931-09-15,95.76;96.61;140.54,638.40;644.07;936.93
1931-10-15,85.51;105.43;109.7,573.89;707.58;736.24
1931-11-15,89.35;93.87;119.15,607.82;638.57;810.54
1931-12-15,71.79;77.9;93.38,491.71;533.56;639.59
1932-01-15,69.85;76.19;87.78,488.46;532.80;613.85
1932-02-15,70.64;81.44;89.84,500.99;577.59;637.16
1932-03-15,72.49;73.28;89.87,517.79;523.43;641.93
1932-04-15,55.37;56.11;74.38,398.35;403.67;535.11
1932-05-15,44.27;44.74;59.76,323.14;326.57;436.20
1932-06-15,42.31;42.84;51.43,311.10;315.00;378.16
1932-07-15,40.56;54.26;54.68,298.24;398.97;402.06
1932-08-15,52.4;73.16;77.01,388.15;541.93;570.44
1932-09-15,64.27;71.56;81.39,479.63;534.03;607.39
1932-10-15,57.67;61.9;72.63,433.61;465.41;546.09
1932-11-15,55.94;56.35;68.27,423.79;426.89;517.20
1932-12-15,55.58;59.93;62.89,424.27;457.48;480.08
1933-01-15,58.87;60.9;65.28,456.36;472.09;506.05
1933-02-15,49.68;51.39;60.89,391.18;404.65;479.45
1933-03-15,50.25;55.4;64.56,398.81;439.68;512.38
1933-04-15,55;77.66;77.66,436.51;616.35;616.35
1933-05-15,75.61;88.11;91.33,600.08;699.29;724.84
1933-06-15,86.48;98.14;100.48,680.94;772.76;791.18
1933-07-15,84.45;90.77;110.53,644.66;692.90;843.74
1933-08-15,89.61;102.41;105.6,678.86;775.83;800.00
1933-09-15,92.44;94.82;107.68,700.30;718.33;815.76
1933-10-15,83.57;88.16;100.58,633.11;667.88;761.97
1933-11-15,86.83;98.14;101.94,657.80;743.48;772.27
1933-12-15,93.7;99.9;103.97,709.85;756.82;787.65
1934-01-15,96.26;107.22;110.06,729.24;812.27;833.79
1934-02-15,102.21;103.46;111.93,768.50;777.89;841.58
1934-03-15,97.41;101.85;105.99,732.41;765.79;796.92
1934-04-15,100.31;100.49;107,754.21;755.56;804.51
1934-05-15,89.1;94;101.36,669.92;706.77;762.11
1934-06-15,91.41;95.72;101.11,682.16;714.33;754.55
1934-07-15,84.58;88.05;99.35,631.19;657.09;741.42
1934-08-15,86.32;92.86;95.71,644.18;692.99;714.25
1934-09-15,85.72;92.63;94.05,630.29;681.10;691.54
1934-10-15,89.84;93.36;96.36,665.48;691.56;713.78
1934-11-15,92.79;102.94;103.51,687.33;762.52;766.74
1934-12-15,98.93;104.04;104.46,738.28;776.42;779.55
1935-01-15,99.54;101.69;106.71,731.91;747.72;784.63
1935-02-15,99.95;102.38;108.29,729.56;747.30;790.44
1935-03-15,95.95;100.81;103.59,700.36;735.84;756.13
1935-04-15,99.75;109.45;111.52,722.83;793.12;808.12
1935-05-15,107.82;110.64;117.62,781.30;801.74;852.32
1935-06-15,109.74;118.21;121.3,801.02;862.85;885.40
1935-07-15,117.8;126.23;127.04,859.85;921.39;927.30
1935-08-15,124.28;127.89;129.97,907.15;933.50;948.69
1935-09-15,126.43;131.92;135.34,922.85;962.92;987.88
1935-10-15,126.95;139.74;142.08,926.64;1020.00;1037.08
1935-11-15,139.99;142.35;149.42,1014.42;1031.52;1082.75
1935-12-15,138.33;144.13;145.13,1002.39;1044.42;1051.67
1936-01-15,141.55;149.49;150,1025.72;1083.26;1086.96
1936-02-15,148.32;152.15;155.69,1074.78;1102.54;1128.19
1936-03-15,149.65;156.34;159.87,1092.34;1141.17;1166.93
1936-04-15,141.53;145.67;163.07,1033.07;1063.28;1190.29
1936-05-15,144.18;152.64;153.57,1052.41;1114.16;1120.95
1936-06-15,148.52;157.69;161.15,1076.23;1142.68;1167.75
1936-07-15,154.85;164.86;168.23,1114.03;1186.04;1210.29
1936-08-15,160.52;166.29;170.15,1146.57;1187.79;1215.36
1936-09-15,164.82;167.82;170.72,1177.29;1198.71;1219.43
1936-10-15,167.54;177.19;178.44,1196.71;1265.64;1274.57
1936-11-15,175.35;183.22;186.39,1252.50;1308.71;1331.36
1936-12-15,175.31;179.9;183.59,1252.21;1285.00;1311.36
1937-01-15,176.96;185.74;187.8,1255.04;1317.30;1331.91
1937-02-15,184.85;187.3;191.39,1310.99;1328.37;1357.38
1937-03-15,179.28;186.41;195.59,1262.54;1312.75;1377.39
1937-04-15,168.77;174.27;186.63,1180.21;1218.67;1305.10
1937-05-15,166.2;174.71;176.91,1154.17;1213.26;1228.54
1937-06-15,163.31;169.32;175.4,1134.10;1175.83;1218.06
1937-07-15,169.13;185.61;185.61,1166.41;1280.07;1280.07
1937-08-15,175.09;177.41;190.02,1207.52;1223.52;1310.48
1937-09-15,146.22;154.57;176.11,1001.51;1058.70;1206.23
1937-10-15,115.84;138.17;155.11,793.42;946.37;1062.40
1937-11-15,112.54;123.48;137.01,776.14;851.59;944.90
1937-12-15,117.71;120.85;131.15,817.43;839.24;910.76
1938-01-15,118.94;121.87;134.95,837.61;858.24;950.35
1938-02-15,117.13;129.64;132.86,830.71;919.43;942.27
1938-03-15,97.46;98.95;131.03,691.21;701.77;929.29
1938-04-15,100.95;111.28;121.54,710.92;783.66;855.92
1938-05-15,106.44;107.74;120.28,754.89;764.11;853.05
1938-06-15,107.58;133.88;138.19,762.98;949.50;980.07
1938-07-15,133.53;141.25;146.31,947.02;1001.77;1037.66
1938-08-15,135.38;139.27;145.89,960.14;987.73;1034.68
1938-09-15,127.85;141.45;143.42,906.74;1003.19;1017.16
1938-10-15,142.64;151.73;155.38,1018.86;1083.79;1109.86
1938-11-15,145.21;149.82;158.9,1037.21;1070.14;1135.00
1938-12-15,146.44;154.76;154.94,1046.00;1105.43;1106.71
1939-01-15,136.1;143.76;155.47,972.14;1026.86;1110.50
1939-02-15,141.92;147.3;148.16,1021.01;1059.71;1065.90
1939-03-15,131.35;131.84;152.71,944.96;948.49;1098.63
1939-04-15,120.04;128.45;135.57,869.86;930.80;982.39
1939-05-15,127.53;138.18;139.23,924.13;1001.30;1008.91
1939-06-15,128.97;130.63;140.75,934.57;946.59;1019.93
1939-07-15,131.18;143.26;145.72,950.58;1038.12;1055.94
1939-08-15,128.6;134.41;145.75,931.88;973.99;1056.16
1939-09-15,127.51;152.54;157.77,904.33;1081.84;1118.94
1939-10-15,148.73;151.88;155.95,1062.36;1084.86;1113.93
1939-11-15,144.85;145.69;153.18,1034.64;1040.64;1094.14
1939-12-15,145.51;150.24;150.7,1039.36;1073.14;1076.43
1940-01-15,143.06;145.33;153.29,1029.21;1045.54;1102.81
1940-02-15,144.69;146.54;150.04,1033.50;1046.71;1071.71
1940-03-15,145.08;147.95;149.45,1036.29;1056.79;1067.50
1940-04-15,145.86;148.43;152.09,1041.86;1060.21;1086.36
1940-05-15,110.51;116.22;148.7,789.36;830.14;1062.14
1940-06-15,110.41;121.87;125.31,783.05;864.33;888.72
1940-07-15,120.14;126.14;127.18,858.14;901.00;908.43
1940-08-15,120.9;129.42;129.42,863.57;924.43;924.43
1940-09-15,127.22;132.64;135.48,908.71;947.43;967.71
1940-10-15,129.47;134.61;135.86,924.79;961.50;970.43
1940-11-15,129.13;131;138.77,922.36;935.71;991.21
1940-12-15,127.83;131.13;133,906.60;930.00;943.26
1941-01-15,123.86;124.13;134.27,878.44;880.35;952.27
1941-02-15,117.43;121.97;125.27,832.84;865.04;888.44
1941-03-15,119.98;122.72;124.35,844.93;864.23;875.70
1941-04-15,115.33;115.54;125.28,806.50;807.97;876.08
1941-05-15,114.78;115.76;118.45,797.08;803.89;822.57
1941-06-15,115.52;123.14;125.14,785.85;837.69;851.29
1941-07-15,122.54;128.79;131.1,833.61;876.12;891.84
1941-08-15,124.66;127.7;128.68,836.64;857.05;863.62
1941-09-15,125.33;126.82;130,830.00;839.87;860.93
1941-10-15,117.4;117.82;127.2,767.32;770.07;831.37
1941-11-15,114.1;114.23;120.34,740.91;741.75;781.43
1941-12-15,105.52;110.96;117.54,680.77;715.87;758.32
1942-01-15,108.3;109.11;114.96,689.81;694.97;732.23
1942-02-15,104.67;106.79;111.04,662.47;675.89;702.78
1942-03-15,98.32;99.53;107.16,614.50;622.06;669.75
1942-04-15,92.69;95.35;102.75,575.71;592.24;638.20
1942-05-15,95.08;100.88;101.5,583.31;618.90;622.70
1942-06-15,100.93;103.34;106.63,619.20;633.99;654.17
1942-07-15,102.27;105.72;109.49,623.60;644.63;667.62
1942-08-15,104.5;106.33;107.88,633.33;644.42;653.82
1942-09-15,105.58;109.11;109.98,639.88;661.27;666.55
1942-10-15,109.16;114.07;116.01,653.65;683.05;694.67
1942-11-15,113.46;114.5;118.18,675.36;681.55;703.45
1942-12-15,114.08;119.4;120.19,675.03;706.51;711.18
1943-01-15,118.84;125.58;125.71,703.20;743.08;743.85
1943-02-15,124.69;130.11;130.43,737.81;769.88;771.78
1943-03-15,127.91;136.57;137.2,743.66;794.01;797.67
1943-04-15,129.79;135.48;137.45,745.92;778.62;789.94
1943-05-15,136.08;142.06;142.06,777.60;811.77;811.77
1943-06-15,138.07;143.38;143.7,788.97;819.31;821.14
1943-07-15,135.95;135.95;146.41,781.32;781.32;841.44
1943-08-15,133.87;136.62;138.83,773.82;789.71;802.49
1943-09-15,136.37;140.12;142.5,783.74;805.29;818.97
1943-10-15,135.92;138.27;140.63,781.15;794.66;808.22
1943-11-15,128.94;129.57;138.96,741.03;744.66;798.62
1943-12-15,129.76;135.89;136.73,745.75;780.98;785.80
1944-01-15,135.51;137.4;138.89,778.79;789.66;798.22
1944-02-15,134.1;136.3;137.69,770.69;783.33;791.32
1944-03-15,135.86;138.84;141.43,780.80;797.93;812.82
1944-04-15,134.75;136.23;139.45,770.00;778.46;796.86
1944-05-15,136.18;142.24;142.44,778.17;812.80;813.94
1944-06-15,140.9;148.38;149.15,800.57;843.07;847.44
1944-07-15,145.26;146.11;150.88,820.68;825.48;852.43
1944-08-15,144.48;146.99;149.28,816.27;830.45;843.39
1944-09-15,142.53;146.73;147.47,805.25;828.98;833.16
1944-10-15,145.33;146.53;149.2,821.07;827.85;842.94
1944-11-15,145.17;147.33;148.39,820.17;832.37;838.36
1944-12-15,146.76;152.32;152.75,824.49;855.73;858.15
1945-01-15,150.53;153.67;156.68,845.67;863.31;880.22
1945-02-15,153.22;160.4;160.85,860.79;901.12;903.65
1945-03-15,151.74;154.41;162.22,852.47;867.47;911.35
1945-04-15,154.51;165.44;165.71,868.03;929.44;930.96
1945-05-15,162.6;168.3;169.53,908.38;940.22;947.09
1945-06-15,163.78;165.29;169.55,904.86;913.20;936.74
1945-07-15,159.95;162.88;167.79,883.70;899.89;927.02
1945-08-15,161.14;174.29;174.54,890.28;962.93;964.31
1945-09-15,173.23;181.71;181.71,957.07;1003.92;1003.92
1945-10-15,181.93;186.6;187.55,1005.14;1030.94;1036.19
1945-11-15,186.41;191.46;192.95,1029.89;1057.79;1066.02
1945-12-15,187.51;192.91;196.59,1030.27;1059.95;1080.16
1946-01-15,189.77;204.67;206.59,1042.69;1124.56;1135.11
1946-02-15,184.05;190.09;207.49,1016.85;1050.22;1146.35
1946-03-15,186.77;199.75;201.85,1020.60;1091.53;1103.01
1946-04-15,198.47;206.77;209.36,1078.64;1123.75;1137.83
1946-05-15,199.26;212.28;213.36,1077.08;1147.46;1153.30
1946-06-15,198.98;205.62;212.48,1064.06;1099.57;1136.26
1946-07-15,194.33;201.56;208.59,981.46;1017.98;1053.48
1946-08-15,187.26;189.19;205.01,927.03;936.58;1014.90
1946-09-15,164.09;172.42;188.21,804.36;845.20;922.60
1946-10-15,160.49;169.15;177.05,771.59;813.22;851.20
1946-11-15,162.29;169.8;175.78,761.92;797.18;825.26
1946-12-15,166.2;177.2;178.58,773.02;824.19;830.60
1947-01-15,170.13;180.44;181.34,791.30;839.26;843.44
1947-02-15,176.34;178.9;184.96,820.19;832.09;860.28
1947-03-15,171.94;177.2;182.48,785.11;809.13;833.24
1947-04-15,165.39;170.64;178.28,755.21;779.18;814.06
1947-05-15,161.38;169.25;175.08,736.89;772.83;799.45
1947-06-15,167.43;177.3;178.08,761.05;805.91;809.45
1947-07-15,177.48;183.18;187.66,799.46;825.14;845.32
1947-08-15,176.54;178.85;184.38,784.62;794.89;819.47
1947-09-15,174.02;177.49;180.56,756.61;771.70;785.04
1947-10-15,176.89;181.81;186.24,769.09;790.48;809.74
1947-11-15,179.3;179.4;183.97,776.19;776.62;796.41
1947-12-15,175.19;181.16;181.82,748.68;774.19;777.01
1948-01-15,170.7;175.05;181.69,720.25;738.61;766.62
1948-02-15,164.07;167.3;176.05,698.17;711.91;749.15
1948-03-15,165.03;177.2;177.61,705.26;757.26;759.02
1948-04-15,175.96;180.51;184.48,739.33;758.45;775.13
1948-05-15,179.47;190.74;192.31,750.92;798.08;804.64
1948-06-15,186.56;189.46;194.49,774.11;786.14;807.01
1948-07-15,179.58;181.33;192.38,735.98;743.16;788.44
1948-08-15,177.4;181.71;184.54,724.08;741.67;753.22
1948-09-15,175.84;178.3;185.64,717.71;727.76;757.71
1948-10-15,178.22;188.62;190.88,730.41;773.03;782.30
1948-11-15,170.35;171.2;190.45,703.93;707.44;786.98
1948-12-15,171.67;177.3;179.15,712.32;735.68;743.36
1949-01-15,174.37;179.12;182.5,726.54;746.33;760.42
1949-02-15,170.56;173.06;180.94,716.64;727.14;760.25
1949-03-15,172.59;177.1;179.19,725.17;744.12;752.90
1949-04-15,172.26;174.16;177.78,720.75;728.70;743.85
1949-05-15,168.14;168.36;177.18,706.47;707.39;744.45
1949-06-15,160.62;167.42;168.98,672.05;700.50;707.03
1949-07-15,166.94;175.92;177.04,704.39;742.28;747.00
1949-08-15,175.68;178.66;182.67,738.15;750.67;767.52
1949-09-15,177.63;182.51;184.09,743.22;763.64;770.25
1949-10-15,180.9;189.54;191.44,763.29;799.75;807.76
1949-11-15,186.98;191.55;194.35,785.63;804.83;816.60
1949-12-15,191.12;200.13;200.91,809.83;848.01;851.31
1950-01-15,193.94;201.79;202.92,825.28;858.68;863.49
1950-02-15,200.59;203.44;205.39,853.57;865.70;874.00
1950-03-15,201.14;206.05;211.22,852.29;873.09;895.00
1950-04-15,205.93;214.33;216.32,872.58;908.18;916.61
1950-05-15,214.06;223.42;224.24,903.21;942.70;946.16
1950-06-15,206.03;209.11;229.2,865.67;878.61;963.03
1950-07-15,195.4;209.4;212.19,810.79;868.88;880.46
1950-08-15,209.55;216.87;222.17,862.35;892.47;914.28
1950-09-15,217.12;226.36;228.17,889.84;927.70;935.12
1950-10-15,223.59;225.01;232.75,908.90;914.67;946.14
1950-11-15,220.59;227.6;236.63,893.08;921.46;958.02
1950-12-15,221.31;235.41;236.52,885.24;941.64;946.08
1951-01-15,234.93;248.83;250.56,924.92;979.65;986.46
1951-02-15,247.04;252.05;257.06,961.25;980.74;1000.23
1951-03-15,242.06;247.94;254.42,938.22;961.01;986.12
1951-04-15,244.98;259.13;260.83,949.53;1004.38;1010.97
1951-05-15,241.89;249.65;264.44,933.94;963.90;1021.00
1951-06-15,240.72;242.64;255.23,929.42;936.83;985.44
1951-07-15,241.06;257.86;262.21,930.73;995.60;1012.39
1951-08-15,256.81;270.25;271.64,991.54;1043.44;1048.80
1951-09-15,269.08;271.16;277.51,1030.96;1038.93;1063.26
1951-10-15,256.39;262.35;277.3,978.59;1001.34;1058.40
1951-11-15,254.91;261.27;265.82,965.57;989.66;1006.89
1951-12-15,261.73;269.23;270,987.66;1015.96;1018.87
1952-01-15,266.34;270.69;276.26,1005.06;1021.47;1042.49
1952-02-15,257.44;260.08;272.91,978.86;988.90;1037.68
1952-03-15,258.95;269.46;270.4,984.60;1024.56;1028.14
1952-04-15,257.04;257.63;269.81,973.64;975.87;1022.01
1952-05-15,254.7;262.94;265.17,964.77;995.98;1004.43
1952-06-15,260.83;274.26;274.97,984.26;1034.94;1037.62
1952-07-15,271.73;279.56;280.25,1017.72;1047.04;1049.63
1952-08-15,272.28;275.04;281.47,1019.78;1030.11;1054.19
1952-09-15,267.08;270.61;278.16,1000.30;1013.52;1041.80
1952-10-15,262.01;269.23;272.36,981.31;1008.35;1020.07
1952-11-15,268.79;283.66;284.65,1006.70;1062.40;1066.10
1952-12-15,280.68;291.9;293.5,1051.24;1093.26;1099.25
1953-01-15,284.29;289.77;295.06,1068.76;1089.36;1109.25
1953-02-15,279.72;284.27;290.94,1055.55;1072.72;1097.89
1953-03-15,277.57;279.87;291.96,1043.50;1052.14;1097.59
1953-04-15,269.25;274.75;281.81,1012.22;1032.89;1059.44
1953-05-15,270.65;272.28;280.01,1013.67;1019.78;1048.73
1953-06-15,260.75;268.26;272.64,972.95;1000.97;1017.31
1953-07-15,266.96;275.38;275.85,996.12;1027.54;1029.29
1953-08-15,260.83;261.22;278.3,969.63;971.08;1034.57
1953-09-15,254.36;264.04;266.61,945.58;981.56;991.12
1953-10-15,262.45;275.81;277.04,972.04;1021.52;1026.07
1953-11-15,273.01;281.37;282.46,1014.91;1045.99;1050.04
1953-12-15,275.91;280.9;285.2,1025.69;1044.24;1060.22
1954-01-15,278.91;292.39;294.56,1036.84;1086.95;1095.02
1954-02-15,287.37;294.54;295.43,1068.29;1094.94;1098.25
1954-03-15,294.23;303.51;305.15,1093.79;1128.29;1134.39
1954-04-15,301.7;319.33;321.71,1125.75;1191.53;1200.41
1954-05-15,316.45;327.49;328.93,1176.39;1217.43;1222.79
1954-06-15,315.66;333.53;338.78,1173.46;1239.89;1259.41
1954-07-15,330.68;347.92;349.21,1229.29;1293.38;1298.18
1954-08-15,333.21;335.8;352.27,1238.70;1248.33;1309.55
1954-09-15,334.97;360.46;366.02,1249.89;1345.00;1365.75
1954-10-15,350.72;352.14;366.4,1308.66;1313.96;1367.16
1954-11-15,350.16;386.77;391.21,1306.57;1443.17;1459.74
1954-12-15,381.81;404.39;407.17,1430.00;1514.57;1524.98
1955-01-15,385.65;408.83;412.47,1444.38;1531.20;1544.83
1955-02-15,403.51;411.87;416.55,1511.27;1542.58;1560.11
1955-03-15,387.5;409.7;421.83,1451.31;1534.46;1579.89
1955-04-15,409.78;425.65;432.76,1534.76;1594.19;1620.82
1955-05-15,412.6;424.86;428.27,1545.32;1591.24;1604.01
1955-06-15,422.48;451.38;453.48,1582.32;1690.56;1698.43
1955-07-15,449.5;465.85;471.73,1677.24;1738.25;1760.19
1955-08-15,445.67;468.18;469.51,1662.95;1746.94;1751.90
1955-09-15,446.74;466.62;489.94,1660.74;1734.65;1821.34
1955-10-15,433.19;454.87;465.4,1610.37;1690.97;1730.11
1955-11-15,452.12;483.26;490.75,1680.74;1796.51;1824.35
1955-12-15,478.32;488.4;490.56,1784.78;1822.39;1830.45
1956-01-15,458.21;470.74;490.92,1709.74;1756.49;1831.79
1956-02-15,463.89;483.65;491.09,1730.93;1804.66;1832.43
1956-03-15,483.63;511.79;515.86,1804.59;1909.66;1924.85
1956-04-15,500.99;516.12;524.37,1862.42;1918.66;1949.33
1956-05-15,463.85;478.05;519.8,1717.96;1770.56;1925.19
1956-06-15,467.99;492.78;494.82,1720.55;1811.69;1819.19
1956-07-15,488.36;517.81;519.97,1782.34;1889.82;1897.70
1956-08-15,492.19;502.04;523.33,1802.89;1838.97;1916.96
1956-09-15,474.23;475.25;512.68,1730.77;1734.49;1871.09
1956-10-15,463.83;479.85;494.11,1686.65;1744.91;1796.76
1956-11-15,460.41;472.78;500.52,1674.22;1719.20;1820.07
1956-12-15,474.26;499.47;501.56,1718.33;1809.67;1817.25
1957-01-15,471.06;479.16;502.57,1706.74;1736.09;1820.91
1957-02-15,453.07;464.62;479.76,1635.63;1677.33;1731.99
1957-03-15,463.66;474.81;477.58,1667.84;1707.95;1717.91
1957-04-15,473.09;494.36;497.22,1695.66;1771.90;1782.15
1957-05-15,492.29;504.93;508.87,1758.18;1803.32;1817.39
1957-06-15,492.87;503.29;516.81,1753.99;1791.07;1839.18
1957-07-15,500.75;508.52;523.11,1769.43;1796.89;1848.45
1957-08-15,469.03;484.35;509.98,1657.35;1711.48;1802.05
1957-09-15,452.19;456.3;487.59,1597.84;1612.37;1722.93
1957-10-15,416.15;441.04;468.15,1470.49;1558.45;1654.24
1957-11-15,425.46;449.87;452.49,1498.10;1584.05;1593.27
1957-12-15,423.86;435.69;452.16,1492.46;1534.12;1592.11
1958-01-15,434.37;450.02;453.63,1518.78;1573.50;1586.12
1958-02-15,434.04;439.92;459.77,1517.62;1538.18;1607.59
1958-03-15,439.24;446.76;457.27,1525.14;1551.25;1587.74
1958-04-15,437.25;455.86;458.33,1512.98;1577.37;1585.92
1958-05-15,453.84;462.7;465.32,1570.38;1601.04;1610.10
1958-06-15,462.7;478.18;482.11,1601.04;1654.60;1668.20
1958-07-15,472.07;502.99;508.39,1627.83;1734.45;1753.07
1958-08-15,499.82;508.63;514.44,1729.48;1759.97;1780.07
1958-09-15,508.39;532.09;535,1759.13;1841.14;1851.21
1958-10-15,527.68;543.22;549.71,1825.88;1879.65;1902.11
1958-11-15,538.43;557.46;572.05,1856.66;1922.28;1972.59
1958-12-15,553.7;583.65;587.44,1915.92;2019.55;2032.66
1959-01-15,580.54;593.96;601.74,2001.86;2048.14;2074.97
1959-02-15,571.73;603.5;607.61,1978.30;2088.24;2102.46
1959-03-15,599.21;601.71;618.8,2073.39;2082.04;2141.18
1959-04-15,599.65;623.75;635.29,2067.76;2150.86;2190.66
1959-05-15,611.68;643.79;647.24,2109.24;2219.97;2231.86
1959-06-15,613.11;643.6;648.65,2106.91;2211.68;2229.04
1959-07-15,643.6;674.88;678.67,2204.11;2311.23;2324.21
1959-08-15,639.34;664.41;683.9,2189.52;2275.38;2342.12
1959-09-15,613.3;631.68;664.95,2093.17;2155.90;2269.45
1959-10-15,624.55;646.6;649.4,2124.32;2199.32;2208.84
1959-11-15,630.99;659.18;661.23,2146.22;2242.11;2249.08
1959-12-15,658.48;679.36;682.72,2239.73;2310.75;2322.18
1960-01-15,619.51;622.62;688.21,2114.37;2124.98;2348.84
1960-02-15,603.34;630.12;640.3,2052.18;2143.27;2177.89
1960-03-15,596.2;616.59;632.65,2027.89;2097.24;2151.87
1960-04-15,598.35;601.7;637.16,2028.31;2039.66;2159.86
1960-05-15,596.61;625.5;631.44,2022.41;2120.34;2140.47
1960-06-15,620.61;640.62;663.64,2096.66;2164.26;2242.03
1960-07-15,597.3;616.73;650.1,2017.91;2083.55;2196.28
1960-08-15,600.28;625.99;645.3,2027.97;2114.83;2180.07
1960-09-15,565.49;580.14;630.95,1910.44;1959.93;2131.59
1960-10-15,564.23;580.36;600.03,1893.39;1947.52;2013.52
1960-11-15,579.43;597.22;614.09,1944.40;2004.09;2060.70
1960-12-15,589.82;615.89;621.33,1979.26;2066.74;2085.00
1961-01-15,606.09;648.2;655.18,2033.86;2175.17;2198.59
1961-02-15,632.81;662.08;667.03,2123.52;2221.74;2238.36
1961-03-15,656.36;676.63;685.32,2202.55;2270.57;2299.73
1961-04-15,671.64;678.71;700.75,2253.83;2277.55;2351.51
1961-05-15,672.98;696.72;714.69,2258.32;2337.99;2398.29
1961-06-15,673.49;683.96;708.88,2260.03;2295.17;2378.79
1961-07-15,674.8;705.37;709.75,2249.33;2351.23;2365.83
1961-08-15,702.21;719.94;730.17,2348.53;2407.83;2442.04
1961-09-15,688.87;701.21;733.53,2296.23;2337.37;2445.10
1961-10-15,693.12;703.92;714.07,2310.40;2346.40;2380.23
1961-11-15,700.12;721.6;741.3,2333.73;2405.33;2471.00
1961-12-15,714.6;731.14;739.88,2382.00;2437.13;2466.27
1962-01-15,686.89;700;734.38,2289.63;2333.33;2447.93
1962-02-15,696.07;708.05;721.39,2312.52;2352.33;2396.64
1962-03-15,703.27;706.95;727.14,2336.45;2348.67;2415.75
1962-04-15,661.48;665.33;709.74,2190.33;2203.08;2350.13
1962-05-15,553.75;613.36;679.2,1833.61;2030.99;2249.01
1962-06-15,524.55;561.28;616.54,1736.92;1858.54;2041.52
1962-07-15,557.31;597.93;601.15,1839.31;1973.37;1983.99
1962-08-15,582.12;609.18;622.02,1921.19;2010.50;2052.87
1962-09-15,572.16;578.98;612.44,1882.11;1904.54;2014.61
1962-10-15,549.65;589.77;594.79,1808.06;1940.03;1956.55
1962-11-15,582.66;649.3;655.95,1916.64;2135.86;2157.73
1962-12-15,636.88;652.1;658.78,2095.00;2145.07;2167.04
1963-01-15,643.57;682.85;686.91,2117.01;2246.22;2259.57
1963-02-15,661.27;662.94;694.27,2175.23;2180.72;2283.78
1963-03-15,656.66;682.52;687.37,2152.98;2237.77;2253.67
1963-04-15,680.55;717.7;721.92,2231.31;2353.11;2366.95
1963-05-15,708.16;726.96;730.43,2321.84;2383.48;2394.85
1963-06-15,702.42;706.88;732.97,2295.49;2310.07;2395.33
1963-07-15,684.41;695.43;719.02,2229.35;2265.24;2342.08
1963-08-15,691.23;729.32;731.68,2251.56;2375.64;2383.32
1963-09-15,728.63;732.79;753.04,2373.39;2386.94;2452.90
1963-10-15,732.49;755.23;767.24,2378.21;2452.05;2491.04
1963-11-15,710.83;750.52;759.56,2307.89;2436.75;2466.10
1963-12-15,746.78;762.95;773.07,2416.76;2469.09;2501.84
1964-01-15,760.34;785.34;791.63,2460.65;2541.55;2561.91
1964-02-15,777.99;800.14;803.46,2517.77;2589.45;2600.19
1964-03-15,798.05;813.29;824.72,2582.69;2632.01;2669.00
1964-04-15,807.18;810.77;831.63,2612.23;2623.85;2691.36
1964-05-15,808.55;820.56;836.06,2616.67;2655.53;2705.70
1964-06-15,796.9;831.5;835.9,2570.65;2682.26;2696.45
1964-07-15,829.3;841.1;855.19,2666.56;2704.50;2749.81
1964-08-15,820.78;838.48;847.19,2647.68;2704.77;2732.87
1964-09-15,836.56;875.37;880.24,2689.90;2814.69;2830.35
1964-10-15,861.42;873.08;886.28,2769.84;2807.33;2849.77
1964-11-15,866.8;875.43;897,2778.21;2805.87;2875.00
1964-12-15,850.19;874.13;881.35,2724.97;2801.70;2824.84
1965-01-15,865.1;902.86;907.79,2772.76;2893.78;2909.58
1965-02-15,877.48;903.48;911.8,2812.44;2895.77;2922.44
1965-03-15,884.68;889.05;907.88,2826.45;2840.42;2900.58
1965-04-15,886.84;922.31;925.42,2824.33;2937.29;2947.20
1965-05-15,904.82;918.04;944.82,2881.59;2923.69;3008.98
1965-06-15,832.74;868.03;921.85,2635.25;2746.93;2917.25
1965-07-15,857.71;881.74;889.98,2714.27;2790.32;2816.39
1965-08-15,874.78;893.1;901.88,2768.29;2826.27;2854.05
1965-09-15,886.96;930.58;944.96,2806.84;2944.87;2990.38
1965-10-15,923.23;960.82;967.46,2912.40;3030.98;3051.92
1965-11-15,937.24;946.71;969.98,2956.59;2986.47;3059.87
1965-12-15,924.44;969.26;976.61,2907.04;3047.99;3071.10
1966-01-15,961.91;983.51;1000.55,3024.87;3092.80;3146.38
1966-02-15,946.1;951.89;1001.11,2956.56;2974.66;3128.47
1966-03-15,905.4;924.77;955.17,2820.56;2880.90;2975.61
1966-04-15,921.77;933.68;961.91,2853.78;2890.65;2978.05
1966-05-15,859.13;884.07;939.64,2659.85;2737.06;2909.10
1966-06-15,858.9;870.1;910.35,2650.93;2685.49;2809.72
1966-07-15,843.76;847.38;901.16,2596.18;2607.32;2772.80
1966-08-15,759.52;788.41;860.57,2322.69;2411.04;2631.71
1966-09-15,763.36;774.22;822.93,2334.43;2367.65;2516.61
1966-10-15,735.74;807.07;816.64,2236.29;2453.10;2482.19
1966-11-15,784.79;791.59;827.33,2385.38;2406.05;2514.68
1966-12-15,779.34;785.69;827.22,2368.81;2388.12;2514.35
1967-01-15,776.16;849.89;857.02,2359.15;2583.25;2604.92
1967-02-15,827.95;839.37;871.71,2516.57;2551.28;2649.57
1967-03-15,835.3;865.98;883.41,2531.21;2624.18;2677.00
1967-04-15,838.98;897.05;903.73,2534.68;2710.12;2730.30
1967-05-15,850.39;852.56;915.87,2561.42;2567.95;2758.64
1967-06-15,836.92;860.26;892.8,2513.27;2583.36;2681.08
1967-07-15,853.21;904.24;918.69,2554.52;2707.31;2750.57
1967-08-15,887.83;901.29;933.14,2650.24;2690.42;2785.49
1967-09-15,894.19;926.66;951.57,2661.28;2757.92;2832.05
1967-10-15,876.21;879.74;940.36,2600.03;2610.50;2790.39
1967-11-15,839.4;875.81;894.88,2483.43;2591.15;2647.57
1967-12-15,868.76;905.11;910.37,2562.71;2669.94;2685.46
1968-01-15,850.5;855.47;921.87,2494.13;2508.71;2703.43
1968-02-15,826.46;840.5;871.3,2416.55;2457.60;2547.66
1968-03-15,817.61;840.67;854.25,2383.70;2450.93;2490.52
1968-04-15,849.23;912.22;918.11,2468.69;2651.80;2668.92
1968-05-15,885.53;899;935.68,2566.75;2605.80;2712.12
1968-06-15,891.48;897.8;924.93,2569.11;2587.32;2665.50
1968-07-15,876.99;883;933.83,2512.87;2530.09;2675.73
1968-08-15,863.33;896.01;902.35,2466.66;2560.03;2578.14
1968-09-15,892.59;935.79;945.86,2542.99;2666.07;2694.76
1968-10-15,932.93;952.39;974.27,2642.86;2697.99;2759.97
1968-11-15,936.54;985.08;989.56,2645.59;2782.71;2795.37
1968-12-15,936.66;943.75;994.65,2638.48;2658.45;2801.83
1969-01-15,915.53;946.05;960.16,2571.71;2657.44;2697.08
1969-02-15,895.39;905.21;959.16,2501.09;2528.52;2679.22
1969-03-15,895.76;935.48;941.38,2481.33;2591.36;2607.70
1969-04-15,908.81;950.18;956.28,2503.61;2617.58;2634.38
1969-05-15,928.58;937.56;974.92,2551.04;2575.71;2678.35
1969-06-15,862.46;873.19;938.73,2356.45;2385.77;2564.84
1969-07-15,788.07;815.47;893.87,2141.49;2215.95;2428.99
1969-08-15,800.62;836.72;843.72,2163.84;2261.41;2280.32
1969-09-15,804.45;813.09;845.96,2168.33;2191.62;2280.22
1969-10-15,793.95;855.99;868,2128.55;2294.88;2327.08
1969-11-15,800.36;812.3;871.77,2134.29;2166.13;2324.72
1969-12-15,764.45;800.36;816.39,2027.72;2122.97;2165.49
1970-01-15,739.11;744.06;819.23,1955.32;1968.41;2167.28
1970-02-15,738.78;777.59;784.19,1944.16;2046.29;2063.66
1970-03-15,757.99;785.57;803.26,1984.27;2056.47;2102.77
1970-04-15,716.74;736.07;798.84,1861.66;1911.87;2074.91
1970-05-15,627.46;700.44;740.76,1625.54;1814.61;1919.07
1970-06-15,674.9;683.53;728.23,1739.43;1761.68;1876.88
1970-07-15,665.32;734.12;743.36,1705.95;1882.36;1906.05
1970-08-15,702.83;764.58;772.04,1802.13;1960.46;1979.59
1970-09-15,741.51;760.68;778.27,1891.61;1940.51;1985.38
1970-10-15,746.71;755.61;791.07,1895.20;1917.79;2007.79
1970-11-15,749.52;794.09;797.51,1892.73;2005.28;2013.91
1970-12-15,787.45;838.92;848.23,1978.52;2107.84;2131.23
1971-01-15,826.53;868.5;873.84,2076.71;2182.16;2195.58
1971-02-15,861.99;878.83;898.14,2160.38;2202.58;2250.98
1971-03-15,873.22;904.37;922.3,2183.05;2260.93;2305.75
1971-04-15,897.48;941.75;958.12,2238.10;2348.50;2389.33
1971-05-15,898.61;907.81;948.85,2229.80;2252.63;2354.47
1971-06-15,866.31;891.14;929.6,2133.77;2194.93;2289.66
1971-07-15,854.41;858.43;908.81,2099.29;2109.16;2232.95
1971-08-15,834.92;898.07;917.79,2046.37;2201.15;2249.49
1971-09-15,877.48;887.19;925.67,2150.69;2174.49;2268.80
1971-10-15,827.83;839;910.56,2024.03;2051.34;2226.31
1971-11-15,790.67;831.34;855.21,1933.18;2032.62;2090.98
1971-12-15,831.12;890.2;902.47,2022.19;2165.94;2195.79
1972-01-15,882.75;902.17;923.99,2147.81;2195.06;2248.15
1972-02-15,894.34;928.13;933.25,2165.47;2247.29;2259.69
1972-03-15,924.14;940.7;957.03,2232.22;2272.22;2311.67
1972-04-15,933.62;954.17;977.72,2249.69;2299.20;2355.95
1972-05-15,917.37;960.72;979.46,2205.22;2309.42;2354.47
1972-06-15,917.75;929.03;967.72,2200.84;2227.89;2320.67
1972-07-15,900.06;924.74;955.45,2148.11;2207.02;2280.31
1972-08-15,922.03;963.73;980.36,2195.31;2294.60;2334.19
1972-09-15,927.15;953.27;977.35,2202.26;2264.30;2321.50
1972-10-15,917.07;955.52;964.1,2168.01;2258.91;2279.20
1972-11-15,955.3;1018.21;1029.73,2253.07;2401.44;2428.61
1972-12-15,996.09;1020.02;1042.44,2343.74;2400.05;2452.80
1973-01-15,988.11;999.02;1067.2,2319.51;2345.12;2505.16
1973-02-15,938.82;955.07;1019.94,2188.39;2226.27;2377.48
1973-03-15,911.12;951.01;985.25,2104.20;2196.33;2275.40
1973-04-15,907.51;921.43;975.32,2081.44;2113.37;2236.97
1973-05-15,875.45;901.41;965.16,1994.19;2053.33;2198.54
1973-06-15,864.46;891.71;935.58,1955.79;2017.44;2116.70
1973-07-15,863.94;926.4;944.08,1950.20;2091.20;2131.11
1973-08-15,845.5;887.57;924.37,1874.72;1968.00;2049.60
1973-09-15,873.34;947.1;964.55,1932.17;2095.35;2133.96
1973-10-15,937.69;956.58;997.59,2056.34;2097.76;2187.70
1973-11-15,810.36;822.25;963.8,1765.49;1791.39;2099.78
1973-12-15,783.56;850.86;861.09,1696.02;1841.69;1863.83
1974-01-15,816.57;855.55;890.38,1752.30;1835.94;1910.69
1974-02-15,795.68;860.53;871.4,1685.76;1823.16;1846.19
1974-03-15,841.76;846.68;904.02,1761.00;1771.30;1891.26
1974-04-15,818.68;836.75;875.94,1705.58;1743.23;1824.88
1974-05-15,788.8;802.17;870.38,1623.05;1650.56;1790.91
1974-06-15,796.46;802.41;865.54,1625.43;1637.57;1766.41
1974-07-15,753.13;757.43;811.95,1524.55;1533.26;1643.62
1974-08-15,651.6;678.58;803.43,1303.20;1357.16;1606.86
1974-09-15,598.8;607.87;686.48,1183.40;1201.32;1356.68
1974-10-15,573.22;665.52;689.3,1121.76;1302.39;1348.92
1974-11-15,599.81;618.66;692.82,1164.68;1201.28;1345.28
1974-12-15,570.01;616.24;619.84,1098.29;1187.36;1194.30
1975-01-15,619.13;703.69;717.3,1188.35;1350.65;1376.78
1975-02-15,695.24;739.05;757.35,1324.27;1407.71;1442.57
1975-03-15,731.46;768.15;796.93,1387.97;1457.59;1512.20
1975-04-15,736.62;821.34;835.18,1392.48;1552.63;1578.79
1975-05-15,807.96;832.29;868.58,1518.72;1564.45;1632.67
1975-06-15,811.23;878.99;884.62,1513.49;1639.91;1650.41
1975-07-15,819.15;831.51;888.85,1511.35;1534.15;1639.94
1975-08-15,785.75;835.34;844.02,1447.05;1538.38;1554.36
1975-09-15,789.66;793.88;849.03,1446.26;1453.99;1555.00
1975-10-15,780.54;836.04;859.57,1421.75;1522.84;1565.70
1975-11-15,821.08;860.67;865.79,1484.77;1556.37;1565.62
1975-12-15,812.81;852.41;866.11,1464.52;1535.87;1560.56
1976-01-15,848.63;975.28;985.99,1526.31;1754.10;1773.36
1976-02-15,946.16;972.61;1002.83,1695.63;1743.03;1797.19
1976-03-15,964.18;999.45;1018.03,1724.83;1787.92;1821.16
1976-04-15,963;996.85;1017.71,1716.58;1776.92;1814.10
1976-05-15,955.84;975.23;1015.82,1691.75;1726.07;1797.91
1976-06-15,951.7;1002.78;1012.93,1675.53;1765.46;1783.33
1976-07-15,974.2;984.64;1017.93,1706.13;1724.41;1782.71
1976-08-15,954.12;973.74;1004.74,1662.23;1696.41;1750.42
1976-09-15,971.24;990.19;1026.26,1686.18;1719.08;1781.70
1976-10-15,928.27;964.93;995.6,1603.23;1666.55;1719.52
1976-11-15,917.89;947.22;971.99,1582.57;1633.14;1675.84
1976-12-15,942.24;1004.65;1006.82,1618.97;1726.20;1729.93
1977-01-15,944.9;954.37;1007.81,1615.21;1631.40;1722.75
1977-02-15,926.03;936.42;963.76,1566.89;1584.47;1630.73
1977-03-15,914.15;919.13;971.58,1536.39;1544.76;1632.91
1977-04-15,909.74;926.9;956.07,1516.23;1544.83;1593.45
1977-05-15,892.55;898.66;949.46,1480.18;1490.32;1574.56
1977-06-15,896.46;916.3;934.36,1476.87;1509.56;1539.31
1977-07-15,878.81;890.07;927.84,1440.67;1459.13;1521.05
1977-08-15,844.42;861.49;900.03,1379.77;1407.66;1470.64
1977-09-15,830.3;847.11;879.76,1352.28;1379.66;1432.83
1977-10-15,792.79;818.35;855.57,1287.00;1328.49;1388.91
1977-11-15,794.53;829.7;850.05,1283.57;1340.39;1373.26
1977-12-15,800.42;831.17;835.15,1288.92;1338.44;1344.85
1978-01-15,759.44;769.92;830.47,1215.10;1231.87;1328.75
1978-02-15,739.17;742.12;787.42,1175.15;1179.84;1251.86
1978-03-15,736.75;757.36;777.81,1162.07;1194.57;1226.83
1978-04-15,747.05;837.32;846.15,1169.09;1310.36;1324.18
1978-05-15,813.84;840.61;865.64,1261.77;1303.27;1342.08
1978-06-15,807.95;818.95;879.33,1239.19;1256.06;1348.67
1978-07-15,800.94;862.27;866.34,1219.09;1312.44;1318.63
1978-08-15,855.34;876.82;911.21,1295.97;1328.52;1380.62
1978-09-15,850.92;865.82;917.24,1279.58;1301.98;1379.31
1978-10-15,782.05;792.45;909.39,1165.50;1181.00;1355.28
1978-11-15,779.11;799.03;831.69,1155.95;1185.50;1233.96
1978-12-15,781.01;805.01;829.87,1153.63;1189.08;1225.81
1979-01-15,798.51;839.22;865.04,1169.12;1228.73;1266.53
1979-02-15,802.23;808.82;843.99,1160.97;1170.51;1221.40
1979-03-15,807.26;862.18;876.99,1156.53;1235.21;1256.43
1979-04-15,847.28;854.9;884.62,1200.11;1210.91;1253.00
1979-05-15,815.14;822.33;863.22,1140.06;1150.11;1207.30
1979-06-15,817.74;841.98;853.06,1131.04;1164.56;1179.89
1979-07-15,818;846.42;857,1119.02;1157.89;1172.37
1979-08-15,839.08;887.63;893.6,1136.96;1202.75;1210.84
1979-09-15,857.85;878.58;902.13,1149.93;1177.72;1209.29
1979-10-15,795.99;815.7;904.86,1058.50;1084.71;1203.27
1979-11-15,792.24;822.35;838.57,1043.79;1083.47;1104.84
1979-12-15,814.76;838.74;851.54,1062.27;1093.53;1110.22
1980-01-15,809.04;875.85;897.87,1039.90;1125.77;1154.07
1980-02-15,847.27;863.14;918.17,1073.85;1093.97;1163.71
1980-03-15,729.95;785.75;868.69,911.30;980.96;1084.51
1980-04-15,751.37;817.06;818.52,927.62;1008.72;1010.52
1980-05-15,795.82;850.85;866.13,972.89;1040.16;1058.84
1980-06-15,840.7;867.92;896.33,1016.57;1049.48;1083.83
1980-07-15,862.63;935.32;946.93,1043.08;1130.98;1145.02
1980-08-15,918.52;932.59;972.35,1102.67;1119.56;1167.29
1980-09-15,918;932.42;980.72,1092.86;1110.02;1167.52
1980-10-15,911.6;924.49;987.29,1075.00;1090.20;1164.26
1980-11-15,924.49;993.34;1009.39,1081.27;1161.80;1180.57
1980-12-15,894.45;963.99;991.13,1036.44;1117.02;1148.47
1981-01-15,930.89;947.27;1013.14,1069.99;1088.82;1164.53
1981-02-15,923.89;974.58;980.87,1051.07;1108.74;1115.89
1981-03-15,955.71;1003.87;1021.79,1079.90;1134.32;1154.56
1981-04-15,981.81;997.75;1030.98,1101.92;1119.81;1157.10
1981-05-15,956.68;991.75;1005.22,1065.35;1104.40;1119.40
1981-06-15,972.69;976.88;1023.02,1073.61;1078.23;1129.16
1981-07-15,918.66;952.34;978.98,1002.90;1039.67;1068.76
1981-08-15,879.09;881.47;961.47,952.43;955.01;1041.68
1981-09-15,807.46;849.98;892.41,866.37;912.00;957.52
1981-10-15,823.63;852.55;885.84,881.83;912.79;948.44
1981-11-15,834.57;888.98;892.79,890.68;948.75;952.82
1981-12-15,862.82;875;898.5,917.89;930.85;955.85
1982-01-15,832.57;871.1;887.37,882.90;923.75;941.01
1982-02-15,802.23;824.39;866.34,848.02;871.45;915.79
1982-03-15,786.15;822.77;840.66,831.90;870.66;889.59
1982-04-15,820.49;848.36;871.19,864.58;893.95;918.01
1982-05-15,815.54;819.54;876.52,851.29;855.47;914.95
1982-06-15,784.25;811.93;824.3,808.51;837.04;849.79
1982-07-15,787.39;808.6;843.8,807.58;829.33;865.44
1982-08-15,769.98;901.31;910.96,788.11;922.53;932.41
1982-09-15,888.7;896.25;951.16,907.76;915.47;971.56
1982-10-15,892.02;991.72;1051.88,908.37;1009.90;1071.16
1982-11-15,983.72;1039.28;1078.46,1003.80;1060.49;1100.47
1982-12-15,983.35;1046.54;1077.91,1007.53;1072.27;1104.42
1983-01-15,1013.43;1075.7;1105.13,1036.23;1099.90;1129.99
1983-02-15,1046.82;1112.16;1135.26,1069.27;1136.02;1159.61
1983-03-15,1105.07;1130.03;1158.48,1128.77;1154.27;1183.33
1983-04-15,1102.17;1226.2;1235.49,1117.82;1243.61;1253.03
1983-05-15,1174.25;1199.98;1244.49,1183.72;1209.66;1254.53
1983-06-15,1176.78;1221.96;1260.72,1182.69;1228.10;1267.06
1983-07-15,1179.79;1199.22;1258.51,1180.97;1200.42;1259.77
1983-08-15,1152.14;1216.16;1219.82,1149.84;1213.73;1217.39
1983-09-15,1197.36;1233.13;1270.73,1189.04;1224.56;1261.90
1983-10-15,1214.63;1225.2;1286.69,1202.60;1213.07;1273.95
1983-11-15,1208.74;1276.02;1296.95,1194.41;1260.89;1281.57
1983-12-15,1231.2;1258.64;1285.47,1215.40;1242.49;1268.97
1984-01-15,1209.59;1220.58;1295.44,1187.04;1197.82;1271.29
1984-02-15,1114.95;1154.63;1226.55,1088.82;1127.57;1197.80
1984-03-15,1131.7;1164.89;1197.24,1103.02;1135.37;1166.90
1984-04-15,1117.25;1170.75;1182.06,1083.66;1135.55;1146.52
1984-05-15,1083.19;1104.85;1194.41,1047.57;1068.52;1155.14
1984-06-15,1079.39;1132.4;1144.83,1040.88;1092.00;1103.98
1984-07-15,1078.95;1115.28;1139.47,1036.46;1071.35;1094.59
1984-08-15,1114.95;1224.38;1253.75,1066.94;1171.66;1199.76
1984-09-15,1189.82;1206.71;1248.23,1133.16;1149.25;1188.79
1984-10-15,1158.24;1207.38;1246.02,1099.94;1146.61;1183.30
1984-11-15,1180.76;1188.94;1247.46,1121.33;1129.10;1184.67
1984-12-15,1154.7;1211.57;1223.61,1096.58;1150.59;1162.02
1985-01-15,1178.67;1286.77;1305.1,1117.22;1219.69;1237.06
1985-02-15,1263.91;1284.01;1307.53,1192.37;1211.33;1233.52
1985-03-15,1242.82;1266.78;1309.96,1168.06;1190.58;1231.17
1985-04-15,1245.8;1258.06;1290.3,1165.39;1176.86;1207.02
1985-05-15,1235.53;1315.41;1320.79,1151.47;1225.92;1230.93
1985-06-15,1285.39;1335.46;1341.17,1194.60;1241.13;1246.44
1985-07-15,1313.4;1347.45;1372.2,1218.37;1249.95;1272.91
1985-08-15,1303.65;1334.01;1361.9,1207.08;1235.19;1261.02
1985-09-15,1283.71;1328.63;1348.23,1185.33;1226.81;1244.90
1985-10-15,1315.19;1374.31;1384.63,1209.93;1264.31;1273.81
1985-11-15,1367.78;1472.13;1486.93,1254.84;1350.58;1364.16
1985-12-15,1450.34;1546.67;1570.87,1326.94;1415.07;1437.21
1986-01-15,1491.74;1570.99;1582.91,1361.08;1433.39;1444.26
1986-02-15,1564.33;1709.06;1732.57,1431.23;1563.64;1585.15
1986-03-15,1663.07;1818.61;1849.74,1528.56;1671.52;1700.13
1986-04-15,1712.52;1783.98;1870.16,1576.91;1642.71;1722.06
1986-05-15,1746.53;1876.71;1898.22,1603.79;1723.33;1743.09
1986-06-15,1816.07;1892.72;1908.62,1658.51;1728.51;1743.03
1986-07-15,1741.56;1775.31;1922.67,1590.47;1621.29;1755.86
1986-08-15,1730.6;1898.34;1918.59,1577.58;1730.48;1748.94
1986-09-15,1732.99;1767.58;1933.35,1572.59;1603.97;1754.40
1986-10-15,1761.25;1877.71;1894.69,1596.78;1702.37;1717.76
1986-11-15,1797.1;1914.23;1926.46,1627.81;1733.90;1744.98
1986-12-15,1880.48;1895.95;1971.74,1701.79;1715.79;1784.38
1987-01-15,1897.36;2158.04;2214.57,1706.26;1940.68;1991.52
1987-02-15,2134.42;2223.99;2266.45,1912.56;1992.82;2030.87
1987-03-15,2209.08;2304.69;2399.57,1970.63;2055.92;2140.56
1987-04-15,2180.54;2286.36;2428.41,1934.82;2028.71;2154.76
1987-05-15,2188.53;2291.57;2380.77,1935.04;2026.15;2105.01
1987-06-15,2260.62;2418.53;2466.04,1991.74;2130.86;2172.72
1987-07-15,2391.26;2572.07;2588.33,2101.28;2260.17;2274.46
1987-08-15,2525.99;2662.95;2746.65,2208.03;2327.75;2400.92
1987-09-15,2468.99;2596.28;2695.47,2146.95;2257.63;2343.89
1987-10-15,1616.21;1993.53;2662.37,1401.74;1728.99;2309.08
1987-11-15,1795.26;1833.55;2027.52,1555.68;1588.86;1756.95
1987-12-15,1733.92;1938.83;2019.56,1502.53;1680.10;1750.05
1988-01-15,1845.99;1958.22;2075.27,1595.50;1692.50;1793.66
1988-02-15,1878.15;2071.62;2078.08,1619.09;1785.88;1791.45
1988-03-15,1951.26;1988.06;2110.91,1674.90;1706.49;1811.94
1988-04-15,1968;2032.33;2121.35,1680.61;1735.55;1811.57
1988-05-15,1921.58;2031.12;2071.95,1635.39;1728.61;1763.36
1988-06-15,2021.34;2141.71;2169.1,1713.00;1815.01;1838.22
1988-07-15,2047.3;2128.73;2169.45,1727.68;1796.40;1830.76
1988-08-15,1978.66;2031.65;2151.85,1662.74;1707.27;1808.28
1988-09-15,1988.44;2112.91;2140.29,1659.80;1763.70;1786.55
1988-10-15,2082.33;2148.65;2195.06,1732.39;1787.56;1826.17
1988-11-15,2026.67;2114.51;2185.99,1684.68;1757.70;1817.12
1988-12-15,2075.39;2168.57;2193.75,1722.32;1799.64;1820.54
1989-01-15,2127.14;2342.32;2350.18,1756.52;1934.20;1940.69
1989-02-15,2232.14;2258.39;2369.29,1835.64;1857.23;1948.43
1989-03-15,2234.46;2293.62;2351.07,1827.03;1875.40;1922.38
1989-04-15,2282.07;2418.8;2433.1,1853.83;1964.91;1976.52
1989-05-15,2356.3;2480.15;2521.63,1903.31;2003.35;2036.86
1989-06-15,2412.94;2440.06;2544.95,1944.35;1966.20;2050.73
1989-07-15,2431.53;2660.66;2668.25,1954.61;2138.79;2144.90
1989-08-15,2619.71;2737.27;2758.73,2102.50;2196.85;2214.07
1989-09-15,2636.78;2692.82;2768.24,2109.42;2154.26;2214.59
1989-10-15,2496.93;2645.08;2809.08,1988.00;2105.96;2236.53
1989-11-15,2563.11;2706.27;2718.22,2035.83;2149.54;2159.03
1989-12-15,2658.7;2753.2;2784.77,2108.41;2183.35;2208.38
1990-01-15,2513.06;2590.54;2834.04,1972.57;2033.39;2224.52
1990-02-15,2540.99;2627.25;2674.32,1985.15;2052.54;2089.31
1990-03-15,2607.88;2707.21;2775,2026.32;2103.50;2156.18
1990-04-15,2627.7;2656.76;2793.47,2038.56;2061.10;2167.16
1990-05-15,2651.35;2876.66;2908.21,2052.13;2226.52;2250.94
1990-06-15,2821.53;2880.69;2956.93,2172.08;2217.62;2276.31
1990-07-15,2833.17;2905.2;3024.26,2172.68;2227.91;2319.22
1990-08-15,2459.41;2614.36;2931.19,1868.85;1986.60;2227.35
1990-09-15,2367.82;2452.48;2665.35,1784.34;1848.14;2008.55
1990-10-15,2344.31;2442.33;2565.35,1756.04;1829.46;1921.61
1990-11-15,2415.59;2559.65;2581.19,1805.37;1913.04;1929.14
1990-12-15,2534.65;2633.66;2662.62,1894.36;1968.36;1990.00
1991-01-15,2447.03;2736.39;2747.28,1818.00;2032.98;2041.07
1991-02-15,2694.31;2882.18;2955.2,1998.75;2138.12;2192.28
1991-03-15,2829.21;2913.86;3017.82,2095.71;2158.41;2235.42
1991-04-15,2848.51;2887.87;3030.45,2106.89;2136.00;2241.46
1991-05-15,2834.53;3027.5;3044.5,2090.36;2232.67;2245.21
1991-06-15,2879.25;2906.75;3057.47,2117.10;2137.32;2248.14
1991-07-15,2897.36;3024.82;3039.58,2127.28;2220.87;2231.70
1991-08-15,2836.31;3043.6;3068.65,2076.36;2228.11;2246.45
1991-09-15,2963.1;3016.77;3066.64,2159.69;2198.81;2235.16
1991-10-15,2925.54;3069.1;3091.01,2129.21;2233.70;2249.64
1991-11-15,2861.14;2894.68;3091.91,2076.30;2100.64;2243.77
1991-12-15,2832.29;3168.83;3204.61,2053.87;2297.92;2323.87
1992-01-15,3119.86;3223.39;3313.51,2259.13;2334.10;2399.36
1992-02-15,3193.42;3267.67;3307.47,2304.05;2357.63;2386.34
1992-03-15,3176.21;3235.47;3318.42,2280.12;2322.66;2382.21
1992-04-15,3141.77;3359.12;3387.97,2252.16;2407.97;2428.65
1992-05-15,3316.64;3396.88;3433.98,2374.12;2431.55;2458.11
1992-06-15,3242.32;3318.52;3435.27,2312.64;2366.99;2450.26
1992-07-15,3255.43;3393.78;3414.85,2317.03;2415.50;2430.50
1992-08-15,3200.86;3257.35;3413.23,2271.72;2311.82;2422.45
1992-09-15,3226.55;3271.66;3391.35,2283.47;2315.40;2400.11
1992-10-15,3087.41;3226.28;3291.39,2177.30;2275.23;2321.15
1992-11-15,3176.84;3305.16;3326.51,2237.21;2327.58;2342.61
1992-12-15,3229.79;3301.11;3364.87,2276.10;2326.36;2371.30
1993-01-15,3219.25;3310.03;3338.12,2257.54;2321.20;2340.90
1993-02-15,3262.48;3370.81;3472.94,2279.86;2355.56;2426.93
1993-03-15,3334.07;3435.11;3497.25,2321.78;2392.14;2435.41
1993-04-15,3338.39;3427.55;3499.41,2318.33;2380.24;2430.15
1993-05-15,3402.42;3527.43;3582.23,2359.51;2446.21;2484.21
1993-06-15,3445.77;3516.08;3577.25,2386.27;2434.96;2477.32
1993-07-15,3443.28;3539.47;3604.86,2384.54;2451.16;2496.44
1993-08-15,3523.54;3651.25;3681.71,2433.38;2521.58;2542.62
1993-09-15,3501.47;3555.12;3665.5,2413.14;2450.12;2526.19
1993-10-15,3541.71;3680.59;3713.57,2430.82;2526.14;2548.78
1993-11-15,3585.86;3683.95;3749.9,2459.44;2526.71;2571.95
1993-12-15,3673.33;3754.09;3818.92,2519.43;2574.82;2619.29
1994-01-15,3715.24;3978.36;4002.84,2541.20;2721.18;2737.92
1994-02-15,3811.76;3832.02;3998.06,2598.34;2612.15;2725.33
1994-03-15,3544.12;3635.96;3911.78,2407.69;2470.08;2657.46
1994-04-15,3520.8;3681.69;3733.15,2388.60;2497.75;2532.67
1994-05-15,3609.71;3758.37;3788.76,2447.26;2548.05;2568.65
1994-06-15,3603.92;3624.96;3839.88,2435.08;2449.30;2594.51
1994-07-15,3611.04;3764.5;3782.63,2433.32;2536.73;2548.94
1994-08-15,3722.41;3913.42;3954.54,2498.26;2626.46;2654.05
1994-09-15,3804.5;3843.19;3972.72,2546.52;2572.42;2659.12
1994-10-15,3736.2;3908.12;3958.25,2499.13;2614.13;2647.66
1994-11-15,3612.05;3739.23;3919.9,2412.86;2497.82;2618.50
1994-12-15,3638.97;3834.44;3882.21,2430.84;2561.42;2593.33
1995-01-15,3794.4;3843.86;3955.56,2524.55;2557.46;2631.78
1995-02-15,3809.21;4011.05;4034.62,2524.33;2658.08;2673.70
1995-03-15,3935.31;4157.69;4213.71,2599.28;2746.16;2783.16
1995-04-15,4129.68;4321.27;4348.94,2718.68;2844.81;2863.03
1995-05-15,4278.73;4465.14;4480.7,2811.25;2933.73;2943.96
1995-06-15,4394.59;4556.1;4614.2,2881.70;2987.61;3025.70
1995-07-15,4530.26;4708.47;4767.99,2970.66;3087.52;3126.55
1995-08-15,4552.8;4610.56;4772.56,2977.63;3015.41;3121.36
1995-09-15,4594.71;4789.08;4839.48,2999.16;3126.03;3158.93
1995-10-15,4638.43;4755.48;4845.08,3017.85;3094.00;3152.30
1995-11-15,4719.72;5074.49;5143.13,3072.73;3303.70;3348.39
1995-12-15,5016.68;5117.12;5266.69,3268.20;3333.63;3431.07
1996-01-15,5000.07;5395.3;5433.24,3238.39;3494.37;3518.94
1996-02-15,5319.43;5485.62;5693.36,3434.11;3541.39;3675.51
1996-03-15,5395.3;5587.14;5755.86,3465.19;3588.40;3696.76
1996-04-15,5382.66;5569.08;5737.07,3443.80;3563.07;3670.55
1996-05-15,5327.74;5643.18;5833.04,3402.13;3603.56;3724.80
1996-06-15,5559.69;5654.63;5770.61,3547.98;3608.57;3682.58
1996-07-15,5170.11;5528.91;5769.88,3293.06;3521.60;3675.08
1996-08-15,5507.83;5616.21;5761.95,3501.48;3570.38;3663.03
1996-09-15,5550.37;5882.17;5952.08,3517.34;3727.61;3771.91
1996-10-15,5833.72;6029.38;6162.8,3685.23;3808.83;3893.11
1996-11-15,5975.34;6521.7;6606.3,3767.55;4112.04;4165.38
1996-12-15,6206.83;6448.27;6623.96,3913.51;4065.74;4176.52
1997-01-15,6318.96;6813.09;6953.55,3971.69;4282.27;4370.55
1997-02-15,6683.4;6877.74;7112.87,4187.59;4309.36;4456.69
1997-03-15,6532.49;6583.48;7158.28,4082.81;4114.68;4473.93
1997-04-15,6315.84;7008.99;7081.23,3942.47;4375.15;4420.24
1997-05-15,6891.39;7331.04;7430.2,4304.43;4579.04;4640.97
1997-06-15,7214.29;7672.79;7868.44,4500.49;4786.52;4908.57
1997-07-15,7613.53;8222.61;8328.99,4743.63;5123.12;5189.40
1997-08-15,7580.85;7622.42;8340.14,4714.46;4740.31;5186.65
1997-09-15,7556.23;7945.26;8078.36,4687.49;4928.82;5011.39
1997-10-15,6936.45;7442.08;8218.34,4292.36;4605.25;5085.61
1997-11-15,7334.77;7823.13;7934.53,4541.65;4844.04;4913.02
1997-12-15,7563.23;7908.25;8209.56,4688.92;4902.82;5089.62
1998-01-15,7391.59;7906.5;8072.91,4574.00;4892.64;4995.61
1998-02-15,7987.46;8545.72;8616.72,4933.58;5278.39;5322.25
1998-03-15,8377.32;8799.81;8997.11,5164.81;5425.28;5546.92
1998-04-15,8715.61;9063.37;9287.32,5363.45;5577.46;5715.27
1998-05-15,8760.95;8899.95;9311.98,5381.42;5466.80;5719.89
1998-06-15,8524.55;8952.02;9155.04,5229.79;5492.04;5616.59
1998-07-15,8786.48;8883.29;9412.64,5383.87;5443.19;5767.55
1998-08-15,7517.7;7539.07;8948.17,4600.80;4613.87;5476.24
1998-09-15,7379.7;7842.62;8253.79,4510.82;4793.78;5045.10
1998-10-15,7399.78;8592.1;8718.25,4512.06;5239.09;5316.01
1998-11-15,8573.56;9116.55;9457.95,5227.78;5558.87;5767.04
1998-12-15,8610.63;9181.43;9390.75,5253.59;5601.85;5729.56
1999-01-15,8994.26;9358.83;9759.44,5474.29;5696.18;5940.01
1999-02-15,9025.41;9306.58;9662.77,5486.57;5657.50;5874.02
1999-03-15,9163.41;9786.16;10158.6,5553.58;5931.01;6156.73
1999-04-15,9707.91;10789;11072.3,5841.10;6491.58;6662.03
1999-05-15,10373;10559.7;11244.4,6241.28;6353.61;6765.58
1999-06-15,10334.4;10970.8;11120.2,6218.05;6600.96;6690.85
1999-07-15,10595;10655.2;11321.6,6355.73;6391.84;6791.60
1999-08-15,10487.3;10829.3;11428.9,6276.06;6480.73;6839.56
1999-09-15,10055.2;10337;11218.4,5988.80;6156.64;6681.60
1999-10-15,9884.2;10729.9;10883.1,5876.46;6379.25;6470.33
1999-11-15,10449.4;10877.8;11195.3,6208.79;6463.34;6651.99
1999-12-15,10798.1;11497.1;11658.7,6415.98;6831.31;6927.33
2000-01-15,10610.4;10940.5;11908.5,6285.78;6481.34;7054.80
2000-02-15,9760.36;10128.3;11228.4,5748.15;5964.84;6612.72
2000-03-15,9611.75;10921.9;11311.3,5614.34;6379.61;6607.07
2000-04-15,10128.6;10733.9;11600.4,5912.78;6266.14;6771.98
2000-05-15,10163.2;10522.3;11086.7,5926.06;6135.45;6464.55
2000-06-15,10161.5;10447.9;11013.1,5894.14;6060.27;6388.11
2000-07-15,10303.3;10522;10980.3,5962.56;6089.12;6354.34
2000-08-15,10428.6;11215.1;11416,6035.07;6490.22;6606.48
2000-09-15,10439.3;10650.9;11518.8,6009.96;6131.78;6631.43
2000-10-15,9571.4;10971.1;11108.8,5500.80;6305.23;6384.37
2000-11-15,10204.8;10414.5;11152,5861.46;5981.91;6405.51
2000-12-15,10158.2;10788;11044.7,5838.05;6200.00;6347.53
2001-01-15,10325.7;10887.4;11224.4,5897.03;6217.82;6410.28
2001-02-15,10225.1;10495.3;11140.1,5816.33;5970.02;6336.80
2001-03-15,9047.56;9878.78;10940.5,5134.82;5606.57;6209.14
2001-04-15,9303.48;10735;10973.2,5259.17;6068.40;6203.05
2001-05-15,10638.5;10911.9;11436.4,5986.78;6140.63;6435.79
2001-06-15,10313.4;10502.4;11236.7,5794.04;5900.22;6312.75
2001-07-15,10049.4;10522.8;10758.1,5661.63;5928.34;6060.90
2001-08-15,9829.35;9949.75;10663.1,5537.66;5605.49;6007.38
2001-09-15,7926.93;8847.56;10238.5,4445.84;4962.18;5742.29
2001-10-15,8659.9;9075.14;9626.54,4873.33;5107.00;5417.30
2001-11-15,8987.61;9851.56;10054.6,5066.30;5553.30;5667.76
2001-12-15,9651.87;10021.6;10220.8,5462.29;5671.53;5784.27
2002-01-15,9443.32;9920;10345.4,5332.20;5601.36;5841.56
2002-02-15,9503.52;10106.1;10315.7,5345.06;5683.97;5801.86
2002-03-15,10086.5;10403.9;10728.9,5641.22;5818.74;6000.50
2002-04-15,9767.15;9946.22;10437.4,5432.23;5531.82;5805.01
2002-05-15,9749.73;9925.25;10400.6,5422.54;5520.16;5784.54
2002-06-15,8831.92;9243.26;10016,4909.35;5138.00;5567.54
2002-07-15,7489.53;8736.59;9433.08,4158.54;4850.97;5237.69
2002-08-15,7991.43;8663.5;9129.1,4422.48;4794.41;5052.08
2002-09-15,7422.28;7591.93;8767.82,4100.71;4194.44;4844.10
2002-10-15,7181.47;8397.03;8607.04,3961.10;4631.57;4747.40
2002-11-15,8237.65;8896.09;8995.78,4543.66;4906.83;4961.82
2002-12-15,8214.93;8341.63;9076.35,4541.14;4611.18;5017.33
2003-01-15,7884.66;8053.81;8896.09,4339.38;4432.48;4896.03
2003-02-15,7602.81;7891.08;8189.35,4152.27;4309.71;4472.61
2003-03-15,7397.31;7992.13;8552.08,4015.91;4338.83;4642.82
2003-04-15,7947.38;8480.09;8587.72,4323.93;4613.76;4672.32
2003-05-15,8328.55;8850.26;8897.04,4538.72;4823.03;4848.52
2003-06-15,8823.51;8985.44;9406.5,4803.22;4891.37;5120.58
2003-07-15,8843.61;9233.8;9398.02,4808.92;5021.10;5110.40
2003-08-15,8964.13;9415.82;9535.97,4855.98;5100.66;5165.75
2003-09-15,9199.43;9275.06;9719.49,4967.29;5008.13;5248.10
2003-10-15,9275.06;9801.12;9901.64,5013.55;5297.90;5352.24
2003-11-15,9556.68;9782.46;9945.71,5179.77;5302.15;5390.63
2003-12-15,9777.64;10453.9;10494.4,5305.28;5672.22;5694.19
2004-01-15,10341.2;10488.1;10748.8,5583.80;5663.12;5803.89
2004-02-15,10394.8;10583.9;10795,5582.60;5684.16;5797.53
2004-03-15,9975.86;10357.7;10720.1,5323.30;5527.05;5720.44
2004-04-15,10198.4;10225.6;10596.4,5424.68;5439.15;5636.38
2004-05-15,9822.1;10188.5;10403.1,5194.13;5387.89;5501.37
2004-06-15,10104.1;10435.5;10530,5326.36;5501.05;5550.87
2004-07-15,9874.38;10139.7;10473.2,5213.51;5353.59;5529.67
2004-08-15,9746.6;10173.9;10235.5,5143.32;5368.81;5401.32
2004-09-15,9950.71;10080.3;10390.6,5239.97;5308.21;5471.62
2004-10-15,9660.18;10027.5;10313.8,5060.34;5252.75;5402.72
2004-11-15,9953.29;10428;10655.1,5211.15;5459.69;5578.59
2004-12-15,10389.8;10783;10895.1,5459.70;5666.32;5725.22
2005-01-15,10317.1;10489.9;10892.7,5410.12;5500.73;5711.96
2005-02-15,10464.4;10766.2;10889.8,5455.89;5613.24;5677.69
2005-03-15,10351.8;10503.8;11027.2,5355.30;5433.94;5704.71
2005-04-15,9961.52;10192.5;10600.6,5118.97;5237.67;5447.38
2005-05-15,10062.8;10467.5;10589.9,5176.34;5384.52;5447.48
2005-06-15,10229.4;10275;10710.4,5259.33;5282.78;5506.63
2005-07-15,10142.2;10640.9;10754.6,5190.48;5445.70;5503.89
2005-08-15,10321.4;10481.6;10746.9,5255.30;5336.86;5471.95
2005-09-15,10303.5;10568.7;10743.8,5182.85;5316.25;5404.33
2005-10-15,10098.2;10440.1;10637,5069.38;5241.01;5339.86
2005-11-15,10347.7;10805.9;10997.5,5236.69;5468.57;5565.54
2005-12-15,10675.6;10717.5;10985,5424.59;5445.88;5581.81
2006-01-15,10607.4;10864.9;11099.2,5349.17;5479.02;5597.18
2006-02-15,10692;10993.4;11182.7,5380.98;5532.66;5627.93
2006-03-15,10885.4;11109.3;11364.3,5448.15;5560.21;5687.84
2006-04-15,11017.4;11367.1;11468.2,5467.69;5641.24;5691.41
2006-05-15,10980.3;11168.3;11709.1,5422.37;5515.21;5782.27
2006-06-15,10653.2;11150.2;11329.3,5250.47;5495.42;5583.69
2006-07-15,10658.4;11185.7;11301.6,5237.54;5496.66;5553.61
2006-08-15,10998.1;11381.2;11453,5393.87;5581.76;5616.97
2006-09-15,11273.9;11679.1;11782.5,5556.38;5756.09;5807.05
2006-10-15,11608.2;12080.7;12236.1,5752.33;5986.47;6063.48
2006-11-15,11929;12221.9;12409.3,5920.10;6065.46;6158.46
2006-12-15,12070.5;12463.2;12566.2,5981.42;6176.02;6227.06
2007-01-15,12313;12621.7;12685.5,6083.02;6235.52;6267.04
2007-02-15,12078.9;12268.6;12845.8,5935.61;6028.83;6312.46
2007-03-15,11926.8;12354.4;12550.1,5807.98;6016.21;6111.51
2007-04-15,12284.5;13062.9;13227,5943.56;6320.17;6399.56
2007-05-15,12993;13627.6;13718.8,6248.17;6553.34;6597.19
2007-06-15,13207.7;13408.6;13756.7,6339.13;6435.55;6602.62
2007-07-15,13143.9;13212;14121,6310.11;6342.81;6779.20
2007-08-15,12455.9;13357.7;13769.6,5990.80;6424.53;6622.64
2007-09-15,12992;13895.6;13994.6,6231.47;6664.88;6712.36
2007-10-15,13337.9;13930;14280,6383.73;6667.11;6834.63
2007-11-15,12707.3;13371.7;13924.2,6046.00;6362.11;6624.99
2007-12-15,13059.3;13264.8;13850.9,6217.65;6315.49;6594.54
2008-01-15,11508.7;12650.4;13338.2,5452.29;5993.18;6319.03
2008-02-15,12006.8;12266.4;12841.9,5671.80;5794.43;6066.28
2008-03-15,11650.4;12262.9;12687.6,5456.15;5742.99;5941.89
2008-04-15,12208.4;12820.1;13052.9,5683.00;5967.75;6076.12
2008-05-15,12397.6;12638.3;13191.5,5722.88;5833.99;6089.36
2008-06-15,11226.3;11350;12652.8,5130.50;5187.03;5782.42
2008-07-15,10732;11378;11820.2,4878.98;5172.66;5373.70
2008-08-15,11144.6;11543.6;11933.6,5086.86;5268.98;5446.99
2008-09-15,10266.8;10850.7;11831.3,4692.69;4959.57;5407.78
